      32       755
      48      1111
      64      1485
      96      2199
     128      2947
     192      4345
     256      5817
     384      8607
     512     11515
     768     17001
    1024     22701
    1536     33569
    2048     44951
    3072     66319
    4096     88747
    6144    130600
    8192    174000
   12288    257700
   16384    344700
   24576    508600
   32768    679400
   49152   1006000
   65536   1345000
   98304   1983000
  131072   2652000
  196608   3924000
  262144   5420000
  393216   7733000
  524288  10320000
  786432  15260000
 1048576  20360000
 1572864  30070000
 2097152  40110000
 3145728  59360000
 4194304  79100000
