      32       743
      48      1099
      64      1469
      80      1827
      96      2179
     112      2539
     128      2905
     160      3613
     192      4311
     224      5029
     256      5755
     320      7149
     384      8527
     448      9933
     512     11359
     640     14119
     768     16839
     896     19639
    1024     22477
    1280     27899
    1536     33289
    1792     38799
    2048     44339
    2560     55099
    3072     65729
    3584     76559
    4096     87549
    5120    108800
    6144    129900
    7168    151300
    8192    172700
   10240    214400
   12288    255300
   14336    297300
   16384    340400
   20480    423300
   24576    504600
   28672    587500
   32768    671400
   40960    835200
   49152    995500
   57344   1158000
   65536   1325000
   73728   1485000
   81920   1648000
   86016   1725000
   98304   1966000
  114688   2287000
  131072   2614000
  147456   2929000
  163840   3251000
  196608   3875000
  229376   4512000
  245760   4837000
  262144   5158000
  294912   5781000
  327680   6421000
  344064   6716000
  393216   7651000
  409600   7967000
  458752   8908000
  491520   9547000
  524288  10180000
  573440  11100000
  589824  11410000
  655360  12650000
  688128  13250000
  737280  14160000
  786432  15070000
  819200  15690000
  917504  17550000
  983040  18800000
 1048576  20050000
 1310720  24930000
 1572864  29690000
 1835008  34560000
 2097152  39500000
 2621440  49100000
 3145728  58520000
 3670016  68130000
 4194304  77910000
 5242880  96830000
 6291456 115300000
 7340032 134200000
 8388608 153400000
10485760 190700000
12582912 227300000
14680064 264600000
16777216 302600000
20971520 376100000
25165824 448000000
29360128 521500000
33554432 596000000
