      32       755
      40       939
      48      1113
      56      1303
      64      1499
      80      1857
      96      2211
     112      2585
     128      2953
     160      3663
     192      4359
     224      5093
     256      5833
     320      7243
     384      8639
     448     10085
     512     11537
     640     14301
     768     17047
     896     19881
    1024     22799
    1280     28295
    1536     33761
    1792     39411
    2048     45061
    2560     55825
    3072     66519
    3584     77599
    4096     89047
    5120    110400
    6144    131100
    7168    152800
    8192    175300
   10240    217700
   12288    258200
   14336    301400
   16384    346100
   20480    430300
   24576    511600
   28672    596100
   32768    683700
   40960    848800
   49152   1009000
   57344   1177000
   65536   1350000
   81920   1678000
   98304   1994000
  114688   2324000
  131072   2664000
  163840   3310000
  196608   3933000
  229376   4593000
  262144   5264000
  327680   6545000
  393216   7772000
  458752   9071000
  524288  10380000
  655360  12890000
  786432  15310000
  917504  17890000
 1048576  20460000
 1310720  25390000
 1572864  30190000
 1835008  35200000
 2097152  40300000
 2621440  50020000
 3145728  59510000
 3670016  69360000
 4194304  79370000
