      32       739
      48      1095
      64      1465
      96      2173
     128      2897
     192      4295
     256      5729
     384      8493
     512     11319
     768     16779
    1024     22381
    1536     33189
    2048     44221
    3072     65519
    4096     87271
    6144    129600
    8192    172400
   12288    254800
   16384    339100
   24576    503400
   32768    669600
   49152    992800
   65536   1320000
   98304   1962000
  131072   2610000
  196608   3867000
  262144   5146000
  393216   7635000
  524288  10150000
  786432  15040000
 1048576  20000000
 1572864  29640000
 2097152  39390000
 3145728  58410000
 4194304  77700000
 6291456 115000000
 8388608 153100000
12582912 226800000
16777216 301900000
25165824 446900000
33554432 594600000
