--- Athlon 1GHz ---
     512    0.029
     640    0.039
     768    0.046
     896    0.058
    1024    0.061
    1280    0.082
    1536    0.097
    1792    0.124
    2048    0.128
    2560    0.185
    3072    0.222
    3584    0.282
    4096    0.291
    5120    0.429
    6144    0.525
    7168    0.638
    8192    0.700
   10240    0.955 
   12288    1.160
   14336    1.415
   16384    1.550
   20480    2.060
   24576    2.535
   28672    3.310
   32768    3.780
   40960    4.555    
   49152    5.655
   57344    6.825
   65536    7.280
   81920    9.625
   98304   11.595
  114688   14.090
  131072   15.665
  163840   19.950
  196608   24.105
  229376   29.425
  262144   32.080
